-0.383315 0.511288 0.736313 0.279244 0.034245 -0.549109 0.336012 -0.012609 -0.032334 -0.303454 -0.117577 0.583695 0.000000 0.000000 0.000000 0.774001 0.000000 0.000000 0.000000 0.000000 0.715379 0.000000 0.000000 0.000000 0.000000 0.000000 0.000000 0.000000 0.000000 0.000000 0.380627 0.000000 0.000000 0.000000 0.000000 0.312765 0.000000 0.000000 0.000000 0.000000 0.309310 0.000000 0.000000 0.288805 0.000000 0.000000 0.000000 0.206695 0.000000 0.000000 0.194178 0.000000 0.000000 0.238366 0.000000 0.000000 0.000000 0.000000
0.351721 0.094897 0.103166 0.139935 0.049688 -0.323475 0.143166 0.044125 -0.136626 -0.402179 -0.021940 0.087828 0.000000 0.000000 0.000000 0.087828 0.000000 0.000000 0.000000 0.000000 0.087828 0.000000 0.000000 0.000000 0.000000 0.000000 0.000000 0.000000 0.000000 0.000000 0.087828 0.000000 0.000000 0.000000 0.000000 0.087828 0.000000 0.000000 0.000000 0.000000 0.087828 0.000000 0.000000 0.087828 0.000000 0.000000 0.000000 0.087828 0.000000 0.000000 0.087828 0.000000 0.000000 0.087828 0.000000 0.000000 0.000000 
0.100196 0.103624 0.108050 0.135795 0.054005 -0.322470 0.142824 0.059893 -0.131870 -0.401719 -0.018937 0.076492 0.000000 0.000000 0.000000 0.076492 0.000000 0.000000 0.000000 0.000000 0.076492 0.000000 0.000000 0.000000 0.000000 0.000000 0.000000 0.000000 0.000000 0.000000 0.076492 0.000000 0.000000 0.000000 0.000000 0.076492 0.000000 0.000000 0.000000 0.000000 0.076492 0.000000 0.000000 0.076492 0.000000 0.000000 0.000000 0.076492 0.000000 0.000000 0.076492 0.000000 0.000000 0.076492 0.000000 0.000000 0.000000 
0.172327 0.200065 0.106420 0.137539 0.052374 -0.323207 0.143383 0.054273 -0.133948 -0.402224 -0.020092 0.080425 0.000000 0.000000 0.000000 0.080425 0.000000 0.000000 0.000000 0.000000 0.080425 0.000000 0.000000 0.000000 0.000000 0.000000 0.000000 0.000000 0.000000 0.000000 0.080425 0.000000 0.000000 0.000000 0.000000 0.080425 0.000000 0.000000 0.000000 0.000000 0.080425 0.000000 0.000000 0.080425 0.000000 0.000000 0.000000 0.080425 0.000000 0.000000 0.080425 0.000000 0.000000 0.080425 0.000000 0.000000 0.000000 
0.120890 0.099643 0.110054 0.141498 0.046439 -0.328442 0.146460 0.053004 -0.158677 -0.404129 -0.018099 0.077006 0.000000 0.000000 0.000000 0.077006 0.000000 0.000000 0.000000 0.000000 0.077006 0.000000 0.000000 0.000000 0.000000 0.000000 0.000000 0.000000 0.000000 0.000000 0.077006 0.000000 0.000000 0.000000 0.000000 0.077006 0.000000 0.000000 0.000000 0.000000 0.077006 0.000000 0.000000 0.077006 0.000000 0.000000 0.000000 0.077006 0.000000 0.000000 0.077006 0.000000 0.000000 0.077006 0.000000 0.000000 0.000000 
-0.139554 0.107768 0.114280 0.137323 0.050720 -0.327434 0.146214 0.069127 -0.154168 -0.403562 -0.015078 0.065233 0.000000 0.000000 0.000000 0.065233 0.000000 0.000000 0.000000 0.000000 0.065233 0.000000 0.000000 0.000000 0.000000 0.000000 0.000000 0.000000 0.000000 0.000000 0.065233 0.000000 0.000000 0.000000 0.000000 0.065233 0.000000 0.000000 0.000000 0.000000 0.065233 0.000000 0.000000 0.065233 0.000000 0.000000 0.000000 0.065233 0.000000 0.000000 0.065233 0.000000 0.000000 0.065233 0.000000 0.000000 0.000000 
-0.064844 0.208999 0.112877 0.139082 0.049094 -0.328180 0.146742 0.063380 -0.156182 -0.404108 -0.016236 0.069320 0.000000 0.000000 0.000000 0.069320 0.000000 0.000000 0.000000 0.000000 0.069320 0.000000 0.000000 0.000000 0.000000 0.000000 0.000000 0.000000 0.000000 0.000000 0.069320 0.000000 0.000000 0.000000 0.000000 0.069320 0.000000 0.000000 0.000000 0.000000 0.069320 0.000000 0.000000 0.069320 0.000000 0.000000 0.000000 0.069320 0.000000 0.000000 0.069320 0.000000 0.000000 0.069320 0.000000 0.000000 0.000000 
-0.002692 0.206066 0.220491 0.138709 0.050313 -0.326606 0.145955 0.060324 -0.148032 -0.403649 -0.017694 0.073039 0.000000 0.000000 0.000000 0.073039 0.000000 0.000000 0.000000 0.000000 0.073039 0.000000 0.000000 0.000000 0.000000 0.000000 0.000000 0.000000 0.000000 0.000000 0.073039 0.000000 0.000000 0.000000 0.000000 0.073039 0.000000 0.000000 0.000000 0.000000 0.073039 0.000000 0.000000 0.073039 0.000000 0.000000 0.000000 0.073039 0.000000 0.000000 0.073039 0.000000 0.000000 0.073039 0.000000 0.000000 0.000000 
0.141899 0.090540 0.103850 0.162290 0.058253 -0.313176 0.162321 0.039806 -0.072728 -0.389426 0.018220 0.076015 0.000000 0.000000 0.000000 0.076015 0.000000 0.000000 0.000000 0.000000 0.076015 0.000000 0.000000 0.000000 0.000000 0.000000 0.000000 0.000000 0.000000 0.000000 0.076015 0.000000 0.000000 0.000000 0.000000 0.076015 0.000000 0.000000 0.000000 0.000000 0.076015 0.000000 0.000000 0.076015 0.000000 0.000000 0.000000 0.076015 0.000000 0.000000 0.076015 0.000000 0.000000 0.076015 0.000000 0.000000 0.000000 
-0.100231 0.098436 0.108639 0.155490 0.062582 -0.312149 0.161958 0.055077 -0.067280 -0.389068 0.021637 0.065155 0.000000 0.000000 0.000000 0.065155 0.000000 0.000000 0.000000 0.000000 0.065155 0.000000 0.000000 0.000000 0.000000 0.000000 0.000000 0.000000 0.000000 0.000000 0.065155 0.000000 0.000000 0.000000 0.000000 0.065155 0.000000 0.000000 0.000000 0.000000 0.065155 0.000000 0.000000 0.065155 0.000000 0.000000 0.000000 0.065155 0.000000 0.000000 0.065155 0.000000 0.000000 0.065155 0.000000 0.000000 0.000000 
-0.031962 0.190485 0.107051 0.158142 0.060969 -0.312890 0.162535 0.049663 -0.069625 -0.389523 0.020293 0.068874 0.000000 0.000000 0.000000 0.068874 0.000000 0.000000 0.000000 0.000000 0.068874 0.000000 0.000000 0.000000 0.000000 0.000000 0.000000 0.000000 0.000000 0.000000 0.068874 0.000000 0.000000 0.000000 0.000000 0.068874 0.000000 0.000000 0.000000 0.000000 0.068874 0.000000 0.000000 0.068874 0.000000 0.000000 0.000000 0.068874 0.000000 0.000000 0.068874 0.000000 0.000000 0.068874 0.000000 0.000000 0.000000 
-0.089396 0.095208 0.109962 0.161302 0.055024 -0.317985 0.165837 0.048390 -0.093901 -0.391266 0.022378 0.065161 0.000000 0.000000 0.000000 0.065161 0.000000 0.000000 0.000000 0.000000 0.065161 0.000000 0.000000 0.000000 0.000000 0.000000 0.000000 0.000000 0.000000 0.000000 0.065161 0.000000 0.000000 0.000000 0.000000 0.065161 0.000000 0.000000 0.000000 0.000000 0.065161 0.000000 0.000000 0.065161 0.000000 0.000000 0.000000 0.065161 0.000000 0.000000 0.065161 0.000000 0.000000 0.065161 0.000000 0.000000 0.000000 
-0.340291 0.102498 0.114121 0.154361 0.059316 -0.316955 0.165569 0.064007 -0.088691 -0.390802 0.025817 0.053872 0.000000 0.000000 0.000000 0.053872 0.000000 0.000000 0.000000 0.000000 0.053872 0.000000 0.000000 0.000000 0.000000 0.000000 0.000000 0.000000 0.000000 0.000000 0.053872 0.000000 0.000000 0.000000 0.000000 0.053872 0.000000 0.000000 0.000000 0.000000 0.053872 0.000000 0.000000 0.053872 0.000000 0.000000 0.000000 0.053872 0.000000 0.000000 0.053872 0.000000 0.000000 0.053872 0.000000 0.000000 0.000000 
-0.269511 0.199257 0.112748 0.157065 0.057710 -0.317705 0.166115 0.058470 -0.090977 -0.391297 0.024468 0.057742 0.000000 0.000000 0.000000 0.057742 0.000000 0.000000 0.000000 0.000000 0.057742 0.000000 0.000000 0.000000 0.000000 0.000000 0.000000 0.000000 0.000000 0.000000 0.057742 0.000000 0.000000 0.000000 0.000000 0.057742 0.000000 0.000000 0.000000 0.000000 0.057742 0.000000 0.000000 0.057742 0.000000 0.000000 0.000000 0.057742 0.000000 0.000000 0.057742 0.000000 0.000000 0.057742 0.000000 0.000000 0.000000 
-0.206675 0.196386 0.220985 0.157556 0.058946 -0.316198 0.165231 0.055527 -0.083173 -0.390888 0.022868 0.061487 0.000000 0.000000 0.000000 0.061487 0.000000 0.000000 0.000000 0.000000 0.061487 0.000000 0.000000 0.000000 0.000000 0.000000 0.000000 0.000000 0.000000 0.000000 0.061487 0.000000 0.000000 0.000000 0.000000 0.061487 0.000000 0.000000 0.000000 0.000000 0.061487 0.000000 0.000000 0.061487 0.000000 0.000000 0.000000 0.061487 0.000000 0.000000 0.061487 0.000000 0.000000 0.061487 0.000000 0.000000 0.000000 
-0.152433 0.203787 0.223964 0.299043 0.053880 -0.322520 0.157438 0.061995 -0.118555 -0.399233 0.007144 0.065790 0.000000 0.000000 0.000000 0.065790 0.000000 0.000000 0.000000 0.000000 0.065790 0.000000 0.000000 0.000000 0.000000 0.000000 0.000000 0.000000 0.000000 0.000000 0.065790 0.000000 0.000000 0.000000 0.000000 0.065790 0.000000 0.000000 0.000000 0.000000 0.065790 0.000000 0.000000 0.065790 0.000000 0.000000 0.000000 0.065790 0.000000 0.000000 0.065790 0.000000 0.000000 0.065790 0.000000 0.000000 0.000000 
-0.088687 0.110397 0.111927 0.131143 0.058682 -0.320415 0.141377 0.073571 -0.125801 -0.399900 -0.015244 0.066946 0.000000 0.000000 0.000000 0.066946 0.000000 0.000000 0.000000 0.000000 0.066946 0.000000 0.000000 0.000000 0.000000 0.000000 0.000000 0.000000 0.000000 0.000000 0.066946 0.000000 0.000000 0.000000 0.000000 0.066946 0.000000 0.000000 0.000000 0.000000 0.066946 0.000000 0.000000 0.066946 0.000000 0.000000 0.000000 0.066946 0.000000 0.000000 0.066946 0.000000 0.000000 0.066946 0.000000 0.000000 0.000000 
-0.255647 0.115351 0.115059 0.125662 0.062814 -0.316752 0.138707 0.086480 -0.119520 -0.396339 -0.011709 0.057903 0.000000 0.000000 0.000000 0.057903 0.000000 0.000000 0.000000 0.000000 0.057903 0.000000 0.000000 0.000000 0.000000 0.000000 0.000000 0.000000 0.000000 0.000000 0.057903 0.000000 0.000000 0.000000 0.000000 0.057903 0.000000 0.000000 0.000000 0.000000 0.057903 0.000000 0.000000 0.057903 0.000000 0.000000 0.000000 0.057903 0.000000 0.000000 0.057903 0.000000 0.000000 0.057903 0.000000 0.000000 0.000000 
-0.178848 0.226191 0.113601 0.128964 0.061214 -0.319558 0.140812 0.078421 -0.121884 -0.398570 -0.013761 0.062228 0.000000 0.000000 0.000000 0.062228 0.000000 0.000000 0.000000 0.000000 0.062228 0.000000 0.000000 0.000000 0.000000 0.000000 0.000000 0.000000 0.000000 0.000000 0.062228 0.000000 0.000000 0.000000 0.000000 0.062228 0.000000 0.000000 0.000000 0.000000 0.062228 0.000000 0.000000 0.062228 0.000000 0.000000 0.000000 0.062228 0.000000 0.000000 0.062228 0.000000 0.000000 0.062228 0.000000 0.000000 0.000000 
-0.335415 0.113865 0.117602 0.132628 0.055385 -0.325352 0.144839 0.083093 -0.148203 -0.401632 -0.011385 0.055334 0.000000 0.000000 0.000000 0.055334 0.000000 0.000000 0.000000 0.000000 0.055334 0.000000 0.000000 0.000000 0.000000 0.000000 0.000000 0.000000 0.000000 0.000000 0.055334 0.000000 0.000000 0.000000 0.000000 0.055334 0.000000 0.000000 0.000000 0.000000 0.055334 0.000000 0.000000 0.055334 0.000000 0.000000 0.000000 0.055334 0.000000 0.000000 0.055334 0.000000 0.000000 0.055334 0.000000 0.000000 0.000000 
-0.507919 0.118081 0.120200 0.127096 0.059522 -0.321632 0.142220 0.096236 -0.141908 -0.397948 -0.007877 0.046006 0.000000 0.000000 0.000000 0.046006 0.000000 0.000000 0.000000 0.000000 0.046006 0.000000 0.000000 0.000000 0.000000 0.000000 0.000000 0.000000 0.000000 0.000000 0.046006 0.000000 0.000000 0.000000 0.000000 0.046006 0.000000 0.000000 0.000000 0.000000 0.046006 0.000000 0.000000 0.046006 0.000000 0.000000 0.000000 0.046006 0.000000 0.000000 0.046006 0.000000 0.000000 0.046006 0.000000 0.000000 0.000000 
-0.428728 0.232408 0.118999 0.130427 0.057925 -0.324478 0.144304 0.088058 -0.144293 -0.400244 -0.009906 0.050459 0.000000 0.000000 0.000000 0.050459 0.000000 0.000000 0.000000 0.000000 0.050459 0.000000 0.000000 0.000000 0.000000 0.000000 0.000000 0.000000 0.000000 0.000000 0.050459 0.000000 0.000000 0.000000 0.000000 0.050459 0.000000 0.000000 0.000000 0.000000 0.050459 0.000000 0.000000 0.050459 0.000000 0.000000 0.000000 0.050459 0.000000 0.000000 0.050459 0.000000 0.000000 0.050459 0.000000 0.000000 0.000000 
-0.360637 0.230383 0.233830 0.130086 0.059178 -0.322933 0.143452 0.084739 -0.136010 -0.399885 -0.011352 0.054490 0.000000 0.000000 0.000000 0.054490 0.000000 0.000000 0.000000 0.000000 0.054490 0.000000 0.000000 0.000000 0.000000 0.000000 0.000000 0.000000 0.000000 0.000000 0.054490 0.000000 0.000000 0.000000 0.000000 0.054490 0.000000 0.000000 0.000000 0.000000 0.054490 0.000000 0.000000 0.054490 0.000000 0.000000 0.000000 0.054490 0.000000 0.000000 0.054490 0.000000 0.000000 0.054490 0.000000 0.000000 0.000000 
-0.278703 0.104472 0.112418 0.148619 0.067219 -0.310132 0.160372 0.068293 -0.060907 -0.387426 0.025499 0.056150 0.000000 0.000000 0.000000 0.056150 0.000000 0.000000 0.000000 0.000000 0.056150 0.000000 0.000000 0.000000 0.000000 0.000000 0.000000 0.000000 0.000000 0.000000 0.056150 0.000000 0.000000 0.000000 0.000000 0.056150 0.000000 0.000000 0.000000 0.000000 0.056150 0.000000 0.000000 0.056150 0.000000 0.000000 0.000000 0.056150 0.000000 0.000000 0.056150 0.000000 0.000000 0.056150 0.000000 0.000000 0.000000 
-0.433912 0.108798 0.115448 0.141041 0.071265 -0.306572 0.157441 0.080761 -0.054717 -0.384122 0.028947 0.047722 0.000000 0.000000 0.000000 0.047722 0.000000 0.000000 0.000000 0.000000 0.047722 0.000000 0.000000 0.000000 0.000000 0.000000 0.000000 0.000000 0.000000 0.000000 0.047722 0.000000 0.000000 0.000000 0.000000 0.047722 0.000000 0.000000 0.000000 0.000000 0.047722 0.000000 0.000000 0.047722 0.000000 0.000000 0.000000 0.047722 0.000000 0.000000 0.047722 0.000000 0.000000 0.047722 0.000000 0.000000 0.000000 
-0.362737 0.213682 0.114041 0.145343 0.069725 -0.309316 0.159682 0.072912 -0.056967 -0.386218 0.026974 0.051744 0.000000 0.000000 0.000000 0.051744 0.000000 0.000000 0.000000 0.000000 0.051744 0.000000 0.000000 0.000000 0.000000 0.000000 0.000000 0.000000 0.000000 0.000000 0.051744 0.000000 0.000000 0.000000 0.000000 0.051744 0.000000 0.000000 0.000000 0.000000 0.051744 0.000000 0.000000 0.051744 0.000000 0.000000 0.000000 0.051744 0.000000 0.000000 0.051744 0.000000 0.000000 0.051744 0.000000 0.000000 0.000000 
-0.525580 0.107856 0.117378 0.147363 0.063940 -0.314911 0.164052 0.077503 -0.082417 -0.389052 0.029680 0.044523 0.000000 0.000000 0.000000 0.044523 0.000000 0.000000 0.000000 0.000000 0.044523 0.000000 0.000000 0.000000 0.000000 0.000000 0.000000 0.000000 0.000000 0.000000 0.044523 0.000000 0.000000 0.000000 0.000000 0.044523 0.000000 0.000000 0.000000 0.000000 0.044523 0.000000 0.000000 0.044523 0.000000 0.000000 0.000000 0.044523 0.000000 0.000000 0.044523 0.000000 0.000000 0.044523 0.000000 0.000000 0.000000 
-0.686167 0.111444 0.119912 0.139666 0.067989 -0.311296 0.161168 0.090199 -0.076214 -0.385629 0.033101 0.035818 0.000000 0.000000 0.000000 0.035818 0.000000 0.000000 0.000000 0.000000 0.035818 0.000000 0.000000 0.000000 0.000000 0.000000 0.000000 0.000000 0.000000 0.000000 0.035818 0.000000 0.000000 0.000000 0.000000 0.035818 0.000000 0.000000 0.000000 0.000000 0.035818 0.000000 0.000000 0.035818 0.000000 0.000000 0.000000 0.035818 0.000000 0.000000 0.035818 0.000000 0.000000 0.035818 0.000000 0.000000 0.000000 
-0.612677 0.219731 0.118743 0.144027 0.066453 -0.314079 0.163391 0.082235 -0.078484 -0.387788 0.031151 0.039964 0.000000 0.000000 0.000000 0.039964 0.000000 0.000000 0.000000 0.000000 0.039964 0.000000 0.000000 0.000000 0.000000 0.000000 0.000000 0.000000 0.000000 0.000000 0.039964 0.000000 0.000000 0.000000 0.000000 0.039964 0.000000 0.000000 0.000000 0.000000 0.039964 0.000000 0.000000 0.039964 0.000000 0.000000 0.000000 0.039964 0.000000 0.000000 0.039964 0.000000 0.000000 0.039964 0.000000 0.000000 0.000000 
-0.544091 0.217774 0.234006 0.144625 0.067724 -0.312600 0.162444 0.079036 -0.070554 -0.387476 0.029561 0.044012 0.000000 0.000000 0.000000 0.044012 0.000000 0.000000 0.000000 0.000000 0.044012 0.000000 0.000000 0.000000 0.000000 0.000000 0.000000 0.000000 0.000000 0.000000 0.044012 0.000000 0.000000 0.000000 0.000000 0.044012 0.000000 0.000000 0.000000 0.000000 0.044012 0.000000 0.000000 0.044012 0.000000 0.000000 0.000000 0.044012 0.000000 0.000000 0.044012 0.000000 0.000000 0.044012 0.000000 0.000000 0.000000 
-0.501083 0.226292 0.237185 0.277274 0.062777 -0.318885 0.154786 0.086002 -0.106141 -0.395636 0.013713 0.047724 0.000000 0.000000 0.000000 0.047724 0.000000 0.000000 0.000000 0.000000 0.047724 0.000000 0.000000 0.000000 0.000000 0.000000 0.000000 0.000000 0.000000 0.000000 0.047724 0.000000 0.000000 0.000000 0.000000 0.047724 0.000000 0.000000 0.000000 0.000000 0.047724 0.000000 0.000000 0.047724 0.000000 0.000000 0.000000 0.047724 0.000000 0.000000 0.047724 0.000000 0.000000 0.047724 0.000000 0.000000 0.000000 
-0.583134 0.435955 0.234353 0.286515 0.057914 -0.319742 0.158793 0.080796 -0.115583 -0.396015 0.009778 0.048395 0.000000 0.000000 0.000000 0.048395 0.000000 0.000000 0.000000 0.000000 0.048395 0.000000 0.000000 0.000000 0.000000 0.000000 0.000000 0.000000 0.000000 0.000000 0.048395 0.000000 0.000000 0.000000 0.000000 0.048395 0.000000 0.000000 0.000000 0.000000 0.048395 0.000000 0.000000 0.048395 0.000000 0.000000 0.000000 0.048395 0.000000 0.000000 0.048395 0.000000 0.000000 0.048395 0.000000 0.000000 0.000000 
-0.063222 0.103410 0.114975 0.141696 0.043532 -0.332138 0.148311 0.060905 -0.179910 -0.404405 -0.013631 0.067506 0.000000 0.000000 0.000000 0.067506 0.000000 0.000000 0.000000 0.000000 0.067506 0.000000 0.000000 0.000000 0.000000 0.000000 0.000000 0.000000 0.000000 0.000000 0.067506 0.000000 0.000000 0.000000 0.000000 0.067506 0.000000 0.000000 0.000000 0.000000 0.067506 0.000000 0.000000 0.067506 0.000000 0.000000 0.000000 0.067506 0.000000 0.000000 0.067506 0.000000 0.000000 0.067506 0.000000 0.000000 0.000000 
-0.330441 0.110994 0.118469 0.137506 0.047755 -0.331140 0.148153 0.077278 -0.175674 -0.403742 -0.010605 0.055387 0.000000 0.000000 0.000000 0.055387 0.000000 0.000000 0.000000 0.000000 0.055387 0.000000 0.000000 0.000000 0.000000 0.000000 0.000000 0.000000 0.000000 0.000000 0.055387 0.000000 0.000000 0.000000 0.000000 0.055387 0.000000 0.000000 0.000000 0.000000 0.055387 0.000000 0.000000 0.055387 0.000000 0.000000 0.000000 0.055387 0.000000 0.000000 0.055387 0.000000 0.000000 0.055387 0.000000 0.000000 0.000000 
-0.252921 0.216014 0.117320 0.139266 0.046152 -0.331895 0.148639 0.071428 -0.177605 -0.404336 -0.011753 0.059625 0.000000 0.000000 0.000000 0.059625 0.000000 0.000000 0.000000 0.000000 0.059625 0.000000 0.000000 0.000000 0.000000 0.000000 0.000000 0.000000 0.000000 0.000000 0.059625 0.000000 0.000000 0.000000 0.000000 0.059625 0.000000 0.000000 0.000000 0.000000 0.059625 0.000000 0.000000 0.059625 0.000000 0.000000 0.000000 0.059625 0.000000 0.000000 0.059625 0.000000 0.000000 0.059625 0.000000 0.000000 0.000000 
-0.243158 0.106587 0.118043 0.141770 0.040933 -0.332784 0.149669 0.068002 -0.197822 -0.402491 -0.009518 0.057986 0.000000 0.000000 0.000000 0.057986 0.000000 0.000000 0.000000 0.000000 0.057986 0.000000 0.000000 0.000000 0.000000 0.000000 0.000000 0.000000 0.000000 0.000000 0.057986 0.000000 0.000000 0.000000 0.000000 0.057986 0.000000 0.000000 0.000000 0.000000 0.057986 0.000000 0.000000 0.057986 0.000000 0.000000 0.000000 0.057986 0.000000 0.000000 0.057986 0.000000 0.000000 0.057986 0.000000 0.000000 0.000000 
-0.515893 0.113608 0.120744 0.137595 0.045077 -0.331788 0.149606 0.084536 -0.193872 -0.401729 -0.006509 0.045582 0.000000 0.000000 0.000000 0.045582 0.000000 0.000000 0.000000 0.000000 0.045582 0.000000 0.000000 0.000000 0.000000 0.000000 0.000000 0.000000 0.000000 0.000000 0.045582 0.000000 0.000000 0.000000 0.000000 0.045582 0.000000 0.000000 0.000000 0.000000 0.045582 0.000000 0.000000 0.045582 0.000000 0.000000 0.000000 0.045582 0.000000 0.000000 0.045582 0.000000 0.000000 0.045582 0.000000 0.000000 0.000000 
-0.436013 0.221823 0.119875 0.139351 0.043515 -0.332538 0.150050 0.078621 -0.195687 -0.402369 -0.007642 0.049946 0.000000 0.000000 0.000000 0.049946 0.000000 0.000000 0.000000 0.000000 0.049946 0.000000 0.000000 0.000000 0.000000 0.000000 0.000000 0.000000 0.000000 0.000000 0.049946 0.000000 0.000000 0.000000 0.000000 0.049946 0.000000 0.000000 0.000000 0.000000 0.049946 0.000000 0.000000 0.049946 0.000000 0.000000 0.000000 0.049946 0.000000 0.000000 0.049946 0.000000 0.000000 0.049946 0.000000 0.000000 0.000000 
-0.298794 0.218548 0.237965 0.138854 0.045017 -0.333825 0.148616 0.074978 -0.187516 -0.404717 -0.009186 0.056313 0.000000 0.000000 0.000000 0.056313 0.000000 0.000000 0.000000 0.000000 0.056313 0.000000 0.000000 0.000000 0.000000 0.000000 0.000000 0.000000 0.000000 0.000000 0.056313 0.000000 0.000000 0.000000 0.000000 0.056313 0.000000 0.000000 0.000000 0.000000 0.056313 0.000000 0.000000 0.056313 0.000000 0.000000 0.000000 0.056313 0.000000 0.000000 0.056313 0.000000 0.000000 0.056313 0.000000 0.000000 0.000000 
-0.272363 0.098921 0.114108 0.159275 0.052087 -0.321590 0.167783 0.056013 -0.114651 -0.391515 0.026917 0.055716 0.000000 0.000000 0.000000 0.055716 0.000000 0.000000 0.000000 0.000000 0.055716 0.000000 0.000000 0.000000 0.000000 0.000000 0.000000 0.000000 0.000000 0.000000 0.055716 0.000000 0.000000 0.000000 0.000000 0.055716 0.000000 0.000000 0.000000 0.000000 0.055716 0.000000 0.000000 0.055716 0.000000 0.000000 0.000000 0.055716 0.000000 0.000000 0.055716 0.000000 0.000000 0.055716 0.000000 0.000000 0.000000 
-0.529939 0.105673 0.117564 0.152237 0.056320 -0.320569 0.167603 0.071875 -0.109707 -0.390957 0.030362 0.044085 0.000000 0.000000 0.000000 0.044085 0.000000 0.000000 0.000000 0.000000 0.044085 0.000000 0.000000 0.000000 0.000000 0.000000 0.000000 0.000000 0.000000 0.000000 0.044085 0.000000 0.000000 0.000000 0.000000 0.044085 0.000000 0.000000 0.000000 0.000000 0.044085 0.000000 0.000000 0.044085 0.000000 0.000000 0.000000 0.044085 0.000000 0.000000 0.044085 0.000000 0.000000 0.044085 0.000000 0.000000 0.000000 
-0.456387 0.206169 0.116432 0.154978 0.054738 -0.321330 0.168107 0.066237 -0.111913 -0.391499 0.029023 0.048104 0.000000 0.000000 0.000000 0.048104 0.000000 0.000000 0.000000 0.000000 0.048104 0.000000 0.000000 0.000000 0.000000 0.000000 0.000000 0.000000 0.000000 0.000000 0.048104 0.000000 0.000000 0.000000 0.000000 0.048104 0.000000 0.000000 0.000000 0.000000 0.048104 0.000000 0.000000 0.048104 0.000000 0.000000 0.000000 0.048104 0.000000 0.000000 0.048104 0.000000 0.000000 0.048104 0.000000 0.000000 0.000000 
-0.450305 0.102075 0.116417 0.157113 0.049407 -0.322208 0.169120 0.062872 -0.132479 -0.389645 0.030852 0.046308 0.000000 0.000000 0.000000 0.046308 0.000000 0.000000 0.000000 0.000000 0.046308 0.000000 0.000000 0.000000 0.000000 0.000000 0.000000 0.000000 0.000000 0.000000 0.046308 0.000000 0.000000 0.000000 0.000000 0.046308 0.000000 0.000000 0.000000 0.000000 0.046308 0.000000 0.000000 0.046308 0.000000 0.000000 0.000000 0.046308 0.000000 0.000000 0.046308 0.000000 0.000000 0.046308 0.000000 0.000000 0.000000 
-0.713356 0.108271 0.119111 0.150020 0.053560 -0.321189 0.169033 0.078891 -0.127820 -0.388990 0.034279 0.034395 0.000000 0.000000 0.000000 0.034395 0.000000 0.000000 0.000000 0.000000 0.034395 0.000000 0.000000 0.000000 0.000000 0.000000 0.000000 0.000000 0.000000 0.000000 0.034395 0.000000 0.000000 0.000000 0.000000 0.034395 0.000000 0.000000 0.000000 0.000000 0.034395 0.000000 0.000000 0.034395 0.000000 0.000000 0.000000 0.034395 0.000000 0.000000 0.034395 0.000000 0.000000 0.034395 0.000000 0.000000 0.000000 
-0.637475 0.211938 0.118244 0.152787 0.052018 -0.321943 0.169497 0.073190 -0.129911 -0.389577 0.032954 0.038538 0.000000 0.000000 0.000000 0.038538 0.000000 0.000000 0.000000 0.000000 0.038538 0.000000 0.000000 0.000000 0.000000 0.000000 0.000000 0.000000 0.000000 0.000000 0.038538 0.000000 0.000000 0.000000 0.000000 0.038538 0.000000 0.000000 0.000000 0.000000 0.038538 0.000000 0.000000 0.038538 0.000000 0.000000 0.000000 0.038538 0.000000 0.000000 0.038538 0.000000 0.000000 0.038538 0.000000 0.000000 0.000000 
-0.500634 0.208670 0.235444 0.153812 0.053580 -0.323239 0.168079 0.069638 -0.121709 -0.391902 0.031538 0.044865 0.000000 0.000000 0.000000 0.044865 0.000000 0.000000 0.000000 0.000000 0.044865 0.000000 0.000000 0.000000 0.000000 0.000000 0.000000 0.000000 0.000000 0.000000 0.044865 0.000000 0.000000 0.000000 0.000000 0.044865 0.000000 0.000000 0.000000 0.000000 0.044865 0.000000 0.000000 0.044865 0.000000 0.000000 0.000000 0.044865 0.000000 0.000000 0.044865 0.000000 0.000000 0.044865 0.000000 0.000000 0.000000 
-0.447375 0.216195 0.239562 0.295357 0.048543 -0.329709 0.160166 0.076450 -0.157762 -0.400301 0.015802 0.049095 0.000000 0.000000 0.000000 0.049095 0.000000 0.000000 0.000000 0.000000 0.049095 0.000000 0.000000 0.000000 0.000000 0.000000 0.000000 0.000000 0.000000 0.000000 0.049095 0.000000 0.000000 0.000000 0.000000 0.049095 0.000000 0.000000 0.000000 0.000000 0.049095 0.000000 0.000000 0.049095 0.000000 0.000000 0.000000 0.049095 0.000000 0.000000 0.049095 0.000000 0.000000 0.049095 0.000000 0.000000 0.000000 
-0.531941 0.116490 0.121174 0.132797 0.052383 -0.329044 0.146856 0.091445 -0.169850 -0.401715 -0.006932 0.045199 0.000000 0.000000 0.000000 0.045199 0.000000 0.000000 0.000000 0.000000 0.045199 0.000000 0.000000 0.000000 0.000000 0.000000 0.000000 0.000000 0.000000 0.000000 0.045199 0.000000 0.000000 0.000000 0.000000 0.045199 0.000000 0.000000 0.000000 0.000000 0.045199 0.000000 0.000000 0.045199 0.000000 0.000000 0.000000 0.045199 0.000000 0.000000 0.045199 0.000000 0.000000 0.045199 0.000000 0.000000 0.000000 
-0.708701 0.120058 0.123191 0.127248 0.056499 -0.325293 0.144299 0.104736 -0.163574 -0.397936 -0.003471 0.035651 0.000000 0.000000 0.000000 0.035651 0.000000 0.000000 0.000000 0.000000 0.035651 0.000000 0.000000 0.000000 0.000000 0.000000 0.000000 0.000000 0.000000 0.000000 0.035651 0.000000 0.000000 0.000000 0.000000 0.035651 0.000000 0.000000 0.000000 0.000000 0.035651 0.000000 0.000000 0.035651 0.000000 0.000000 0.000000 0.035651 0.000000 0.000000 0.035651 0.000000 0.000000 0.035651 0.000000 0.000000 0.000000 
-0.627714 0.237023 0.122268 0.130586 0.054917 -0.328162 0.146356 0.096494 -0.165974 -0.400280 -0.005466 0.040200 0.000000 0.000000 0.000000 0.040200 0.000000 0.000000 0.000000 0.000000 0.040200 0.000000 0.000000 0.000000 0.000000 0.000000 0.000000 0.000000 0.000000 0.000000 0.040200 0.000000 0.000000 0.000000 0.000000 0.040200 0.000000 0.000000 0.000000 0.000000 0.040200 0.000000 0.000000 0.040200 0.000000 0.000000 0.000000 0.040200 0.000000 0.000000 0.040200 0.000000 0.000000 0.040200 0.000000 0.000000 0.000000 
-0.721663 0.118495 0.122785 0.132900 0.049643 -0.329690 0.148393 0.098818 -0.188220 -0.399618 -0.002876 0.035173 0.000000 0.000000 0.000000 0.035173 0.000000 0.000000 0.000000 0.000000 0.035173 0.000000 0.000000 0.000000 0.000000 0.000000 0.000000 0.000000 0.000000 0.000000 0.035173 0.000000 0.000000 0.000000 0.000000 0.035173 0.000000 0.000000 0.000000 0.000000 0.035173 0.000000 0.000000 0.035173 0.000000 0.000000 0.000000 0.035173 0.000000 0.000000 0.035173 0.000000 0.000000 0.035173 0.000000 0.000000 0.000000 
-0.901671 0.121416 0.124185 0.127366 0.053714 -0.325930 0.145913 0.112182 -0.182005 -0.395766 0.000519 0.025461 0.000000 0.000000 0.000000 0.025461 0.000000 0.000000 0.000000 0.000000 0.025461 0.000000 0.000000 0.000000 0.000000 0.000000 0.000000 0.000000 0.000000 0.000000 0.025461 0.000000 0.000000 0.000000 0.000000 0.025461 0.000000 0.000000 0.000000 0.000000 0.025461 0.000000 0.000000 0.025461 0.000000 0.000000 0.000000 0.025461 0.000000 0.000000 0.025461 0.000000 0.000000 0.025461 0.000000 0.000000 0.000000 
-0.818828 0.240397 0.123557 0.130697 0.052158 -0.328804 0.147928 0.103904 -0.184387 -0.398153 -0.001434 0.030097 0.000000 0.000000 0.000000 0.030097 0.000000 0.000000 0.000000 0.000000 0.030097 0.000000 0.000000 0.000000 0.000000 0.000000 0.000000 0.000000 0.000000 0.000000 0.030097 0.000000 0.000000 0.000000 0.000000 0.030097 0.000000 0.000000 0.000000 0.000000 0.030097 0.000000 0.000000 0.030097 0.000000 0.000000 0.000000 0.030097 0.000000 0.000000 0.030097 0.000000 0.000000 0.030097 0.000000 0.000000 0.000000 
-0.678472 0.238727 0.246616 0.130180 0.053733 -0.330089 0.146421 0.100173 -0.176031 -0.400568 -0.002930 0.036641 0.000000 0.000000 0.000000 0.036641 0.000000 0.000000 0.000000 0.000000 0.036641 0.000000 0.000000 0.000000 0.000000 0.000000 0.000000 0.000000 0.000000 0.000000 0.036641 0.000000 0.000000 0.000000 0.000000 0.036641 0.000000 0.000000 0.000000 0.000000 0.036641 0.000000 0.000000 0.036641 0.000000 0.000000 0.000000 0.036641 0.000000 0.000000 0.036641 0.000000 0.000000 0.036641 0.000000 0.000000 0.000000 
-0.720772 0.110434 0.120239 0.145155 0.060906 -0.318512 0.166163 0.085566 -0.103572 -0.389110 0.034206 0.034452 0.000000 0.000000 0.000000 0.034452 0.000000 0.000000 0.000000 0.000000 0.034452 0.000000 0.000000 0.000000 0.000000 0.000000 0.000000 0.000000 0.000000 0.000000 0.034452 0.000000 0.000000 0.000000 0.000000 0.034452 0.000000 0.000000 0.000000 0.000000 0.034452 0.000000 0.000000 0.034452 0.000000 0.000000 0.000000 0.034452 0.000000 0.000000 0.034452 0.000000 0.000000 0.034452 0.000000 0.000000 0.000000 
-0.885523 0.113377 0.122230 0.137386 0.064934 -0.314866 0.163339 0.098408 -0.097388 -0.385594 0.037580 0.025532 0.000000 0.000000 0.000000 0.025532 0.000000 0.000000 0.000000 0.000000 0.025532 0.000000 0.000000 0.000000 0.000000 0.000000 0.000000 0.000000 0.000000 0.000000 0.025532 0.000000 0.000000 0.000000 0.000000 0.025532 0.000000 0.000000 0.000000 0.000000 0.025532 0.000000 0.000000 0.025532 0.000000 0.000000 0.000000 0.025532 0.000000 0.000000 0.025532 0.000000 0.000000 0.025532 0.000000 0.000000 0.000000 
-0.810273 0.224255 0.121320 0.141778 0.063412 -0.317672 0.165535 0.090379 -0.099674 -0.387800 0.035664 0.029772 0.000000 0.000000 0.000000 0.029772 0.000000 0.000000 0.000000 0.000000 0.029772 0.000000 0.000000 0.000000 0.000000 0.000000 0.000000 0.000000 0.000000 0.000000 0.029772 0.000000 0.000000 0.000000 0.000000 0.029772 0.000000 0.000000 0.000000 0.000000 0.029772 0.000000 0.000000 0.029772 0.000000 0.000000 0.000000 0.029772 0.000000 0.000000 0.029772 0.000000 0.000000 0.029772 0.000000 0.000000 0.000000 
-0.908432 0.112429 0.121155 0.142898 0.058082 -0.319129 0.167676 0.092696 -0.121857 -0.387060 0.038081 0.024543 0.000000 0.000000 0.000000 0.024543 0.000000 0.000000 0.000000 0.000000 0.024543 0.000000 0.000000 0.000000 0.000000 0.000000 0.000000 0.000000 0.000000 0.000000 0.024543 0.000000 0.000000 0.000000 0.000000 0.024543 0.000000 0.000000 0.000000 0.000000 0.024543 0.000000 0.000000 0.024543 0.000000 0.000000 0.000000 0.024543 0.000000 0.000000 0.024543 0.000000 0.000000 0.024543 0.000000 0.000000 0.000000 
-1.076417 0.114733 0.122569 0.135104 0.062065 -0.315474 0.164929 0.105610 -0.115734 -0.383471 0.041389 0.015459 0.000000 0.000000 0.000000 0.015459 0.000000 0.000000 0.000000 0.000000 0.015459 0.000000 0.000000 0.000000 0.000000 0.000000 0.000000 0.000000 0.000000 0.000000 0.015459 0.000000 0.000000 0.000000 0.000000 0.015459 0.000000 0.000000 0.000000 0.000000 0.015459 0.000000 0.000000 0.015459 0.000000 0.000000 0.000000 0.015459 0.000000 0.000000 0.015459 0.000000 0.000000 0.015459 0.000000 0.000000 0.000000 
-0.999327 0.227618 0.121935 0.139510 0.060570 -0.318285 0.167084 0.097545 -0.118001 -0.385720 0.039516 0.019785 0.000000 0.000000 0.000000 0.019785 0.000000 0.000000 0.000000 0.000000 0.019785 0.000000 0.000000 0.000000 0.000000 0.000000 0.000000 0.000000 0.000000 0.000000 0.019785 0.000000 0.000000 0.000000 0.000000 0.019785 0.000000 0.000000 0.000000 0.000000 0.019785 0.000000 0.000000 0.019785 0.000000 0.000000 0.000000 0.019785 0.000000 0.000000 0.019785 0.000000 0.000000 0.019785 0.000000 0.000000 0.000000 
-0.859384 0.225943 0.244043 0.140558 0.062205 -0.319578 0.165594 0.093906 -0.109616 -0.388111 0.038147 0.026289 0.000000 0.000000 0.000000 0.026289 0.000000 0.000000 0.000000 0.000000 0.026289 0.000000 0.000000 0.000000 0.000000 0.000000 0.000000 0.000000 0.000000 0.000000 0.026289 0.000000 0.000000 0.000000 0.000000 0.026289 0.000000 0.000000 0.000000 0.000000 0.026289 0.000000 0.000000 0.026289 0.000000 0.000000 0.000000 0.026289 0.000000 0.000000 0.026289 0.000000 0.000000 0.026289 0.000000 0.000000 0.000000 
-0.817461 0.234569 0.248214 0.273212 0.057290 -0.326012 0.157819 0.101224 -0.145877 -0.396323 0.022286 0.029919 0.000000 0.000000 0.000000 0.029919 0.000000 0.000000 0.000000 0.000000 0.029919 0.000000 0.000000 0.000000 0.000000 0.000000 0.000000 0.000000 0.000000 0.000000 0.029919 0.000000 0.000000 0.000000 0.000000 0.029919 0.000000 0.000000 0.000000 0.000000 0.029919 0.000000 0.000000 0.029919 0.000000 0.000000 0.000000 0.029919 0.000000 0.000000 0.029919 0.000000 0.000000 0.029919 0.000000 0.000000 0.000000 
-0.888277 0.456831 0.245574 0.282593 0.052487 -0.326974 0.161654 0.095690 -0.155255 -0.396928 0.018467 0.031138 0.000000 0.000000 0.000000 0.031138 0.000000 0.000000 0.000000 0.000000 0.031138 0.000000 0.000000 0.000000 0.000000 0.000000 0.000000 0.000000 0.000000 0.000000 0.031138 0.000000 0.000000 0.000000 0.000000 0.031138 0.000000 0.000000 0.000000 0.000000 0.031138 0.000000 0.000000 0.031138 0.000000 0.000000 0.000000 0.031138 0.000000 0.000000 0.031138 0.000000 0.000000 0.031138 0.000000 0.000000 0.000000 
-0.881039 0.451092 0.485359 0.283688 0.053602 -0.326631 0.162156 0.092781 -0.142805 -0.397673 0.013129 0.035042 0.000000 0.000000 0.000000 0.035042 0.000000 0.000000 0.000000 0.000000 0.035042 0.000000 0.000000 0.000000 0.000000 0.000000 0.000000 0.000000 0.000000 0.000000 0.035042 0.000000 0.000000 0.000000 0.000000 0.035042 0.000000 0.000000 0.000000 0.000000 0.035042 0.000000 0.000000 0.035042 0.000000 0.000000 0.000000 0.035042 0.000000 0.000000 0.035042 0.000000 0.000000 0.035042 0.000000 0.000000 0.000000 
2.756670 0.325061 0.241045 0.189611 0.129402 -0.377902 0.184042 0.048727 0.073128 -0.229005 0.047803 0.346590 0.000000 0.000000 0.000000 0.346590 0.000000 0.000000 0.000000 0.000000 0.346590 0.000000 0.000000 0.000000 0.000000 0.000000 0.000000 0.000000 0.000000 0.000000 0.346590 0.000000 0.000000 0.000000 0.000000 0.346590 0.000000 0.000000 0.000000 0.000000 0.346590 0.000000 0.000000 0.346590 0.000000 0.000000 0.000000 0.346590 0.000000 0.000000 0.346590 0.000000 0.000000 0.346590 0.000000 0.000000 0.000000 
2.233591 0.283395 0.189019 0.146196 0.226465 -0.332278 0.165841 0.062083 0.089411 -0.219103 0.025222 0.282086 0.000000 0.000000 0.000000 0.282086 0.000000 0.000000 0.000000 0.000000 0.282086 0.000000 0.000000 0.000000 0.000000 0.000000 0.000000 0.000000 0.000000 0.000000 0.282086 0.000000 0.000000 0.000000 0.000000 0.282086 0.000000 0.000000 0.000000 0.000000 0.282086 0.000000 0.000000 0.282086 0.000000 0.000000 0.000000 0.282086 0.000000 0.000000 0.282086 0.000000 0.000000 0.282086 0.000000 0.000000 0.000000 
2.681706 0.310638 0.222558 0.175671 0.330636 -0.360400 0.177302 0.052906 0.079842 -0.225434 0.042675 0.327030 0.000000 0.000000 0.000000 0.327030 0.000000 0.000000 0.000000 0.000000 0.327030 0.000000 0.000000 0.000000 0.000000 0.000000 0.000000 0.000000 0.000000 0.000000 0.327030 0.000000 0.000000 0.000000 0.000000 0.327030 0.000000 0.000000 0.000000 0.000000 0.327030 0.000000 0.000000 0.327030 0.000000 0.000000 0.000000 0.327030 0.000000 0.000000 0.327030 0.000000 0.000000 0.327030 0.000000 0.000000 0.000000 
2.234671 0.138385 0.213865 0.155251 0.262745 -0.345033 0.184335 0.059064 0.135716 -0.189966 0.135859 0.276021 0.000000 0.000000 0.000000 0.276021 0.000000 0.000000 0.000000 0.000000 0.276021 0.000000 0.000000 0.000000 0.000000 0.000000 0.000000 0.000000 0.000000 0.000000 0.276021 0.000000 0.000000 0.000000 0.000000 0.276021 0.000000 0.000000 0.000000 0.000000 0.276021 0.000000 0.000000 0.276021 0.000000 0.000000 0.000000 0.276021 0.000000 0.000000 0.276021 0.000000 0.000000 0.276021 0.000000 0.000000 0.000000 
1.806589 0.132535 0.207609 0.138984 0.227753 -0.348444 0.173459 0.061883 0.125716 -0.188725 0.118355 0.232552 0.000000 0.000000 0.000000 0.232552 0.000000 0.000000 0.000000 0.000000 0.232552 0.000000 0.000000 0.000000 0.000000 0.000000 0.000000 0.000000 0.000000 0.000000 0.232552 0.000000 0.000000 0.000000 0.000000 0.232552 0.000000 0.000000 0.000000 0.000000 0.232552 0.000000 0.000000 0.232552 0.000000 0.000000 0.000000 0.232552 0.000000 0.000000 0.232552 0.000000 0.000000 0.232552 0.000000 0.000000 0.000000 
2.187073 0.272640 0.211681 0.149034 0.250751 -0.346447 0.180660 0.060154 0.133041 -0.189470 0.128915 0.260125 0.000000 0.000000 0.000000 0.260125 0.000000 0.000000 0.000000 0.000000 0.260125 0.000000 0.000000 0.000000 0.000000 0.000000 0.000000 0.000000 0.000000 0.000000 0.260125 0.000000 0.000000 0.000000 0.000000 0.260125 0.000000 0.000000 0.000000 0.000000 0.260125 0.000000 0.000000 0.260125 0.000000 0.000000 0.000000 0.260125 0.000000 0.000000 0.260125 0.000000 0.000000 0.260125 0.000000 0.000000 0.000000 
2.652653 0.296255 0.218464 0.329158 0.298745 -0.356652 0.178616 0.054879 0.096915 -0.212691 0.071056 0.299230 0.000000 0.000000 0.000000 0.299230 0.000000 0.000000 0.000000 0.000000 0.299230 0.000000 0.000000 0.000000 0.000000 0.000000 0.000000 0.000000 0.000000 0.000000 0.299230 0.000000 0.000000 0.000000 0.000000 0.299230 0.000000 0.000000 0.000000 0.000000 0.299230 0.000000 0.000000 0.299230 0.000000 0.000000 0.000000 0.299230 0.000000 0.000000 0.299230 0.000000 0.000000 0.299230 0.000000 0.000000 0.000000 
2.171773 0.302341 0.220114 0.193218 0.110554 -0.400107 0.175456 0.053457 0.019324 -0.223510 0.012255 0.290220 0.000000 0.000000 0.000000 0.290220 0.000000 0.000000 0.000000 0.000000 0.290220 0.000000 0.000000 0.000000 0.000000 0.000000 0.000000 0.000000 0.000000 0.000000 0.290220 0.000000 0.000000 0.000000 0.000000 0.290220 0.000000 0.000000 0.000000 0.000000 0.290220 0.000000 0.000000 0.290220 0.000000 0.000000 0.000000 0.290220 0.000000 0.000000 0.290220 0.000000 0.000000 0.290220 0.000000 0.000000 0.000000 
1.688255 0.262483 0.169676 0.150073 0.209815 -0.352946 0.157646 0.067189 0.039494 -0.214076 -0.009116 0.229129 0.000000 0.000000 0.000000 0.229129 0.000000 0.000000 0.000000 0.000000 0.229129 0.000000 0.000000 0.000000 0.000000 0.000000 0.000000 0.000000 0.000000 0.000000 0.229129 0.000000 0.000000 0.000000 0.000000 0.229129 0.000000 0.000000 0.000000 0.000000 0.229129 0.000000 0.000000 0.229129 0.000000 0.000000 0.000000 0.229129 0.000000 0.000000 0.229129 0.000000 0.000000 0.229129 0.000000 0.000000 0.000000 
2.096811 0.288634 0.202276 0.179244 0.294431 -0.382106 0.168854 0.057783 0.027569 -0.220098 0.006998 0.271827 0.000000 0.000000 0.000000 0.271827 0.000000 0.000000 0.000000 0.000000 0.271827 0.000000 0.000000 0.000000 0.000000 0.000000 0.000000 0.000000 0.000000 0.000000 0.271827 0.000000 0.000000 0.000000 0.000000 0.271827 0.000000 0.000000 0.000000 0.000000 0.271827 0.000000 0.000000 0.271827 0.000000 0.000000 0.000000 0.271827 0.000000 0.000000 0.271827 0.000000 0.000000 0.271827 0.000000 0.000000 0.000000 
1.632391 0.127587 0.194116 0.157774 0.226293 -0.367983 0.175054 0.063453 0.082900 -0.185203 0.098087 0.218270 0.000000 0.000000 0.000000 0.218270 0.000000 0.000000 0.000000 0.000000 0.218270 0.000000 0.000000 0.000000 0.000000 0.000000 0.000000 0.000000 0.000000 0.000000 0.218270 0.000000 0.000000 0.000000 0.000000 0.218270 0.000000 0.000000 0.000000 0.000000 0.218270 0.000000 0.000000 0.218270 0.000000 0.000000 0.000000 0.218270 0.000000 0.000000 0.218270 0.000000 0.000000 0.218270 0.000000 0.000000 0.000000 
1.234818 0.122182 0.188613 0.141794 0.193202 -0.370617 0.164718 0.066464 0.075457 -0.183928 0.082556 0.177598 0.000000 0.000000 0.000000 0.177598 0.000000 0.000000 0.000000 0.000000 0.177598 0.000000 0.000000 0.000000 0.000000 0.000000 0.000000 0.000000 0.000000 0.000000 0.177598 0.000000 0.000000 0.000000 0.000000 0.177598 0.000000 0.000000 0.000000 0.000000 0.177598 0.000000 0.000000 0.177598 0.000000 0.000000 0.000000 0.177598 0.000000 0.000000 0.177598 0.000000 0.000000 0.177598 0.000000 0.000000 0.000000 
1.585858 0.251315 0.192204 0.151568 0.215003 -0.369183 0.171525 0.064558 0.080804 -0.184733 0.091355 0.203064 0.000000 0.000000 0.000000 0.203064 0.000000 0.000000 0.000000 0.000000 0.203064 0.000000 0.000000 0.000000 0.000000 0.000000 0.000000 0.000000 0.000000 0.000000 0.203064 0.000000 0.000000 0.000000 0.000000 0.203064 0.000000 0.000000 0.000000 0.000000 0.203064 0.000000 0.000000 0.203064 0.000000 0.000000 0.000000 0.203064 0.000000 0.000000 0.203064 0.000000 0.000000 0.203064 0.000000 0.000000 0.000000 
2.059123 0.274461 0.198424 0.335086 0.262440 -0.378889 0.169762 0.059594 0.044652 -0.207594 0.034208 0.242667 0.000000 0.000000 0.000000 0.242667 0.000000 0.000000 0.000000 0.000000 0.242667 0.000000 0.000000 0.000000 0.000000 0.000000 0.000000 0.000000 0.000000 0.000000 0.242667 0.000000 0.000000 0.000000 0.000000 0.242667 0.000000 0.000000 0.000000 0.000000 0.242667 0.000000 0.000000 0.242667 0.000000 0.000000 0.000000 0.242667 0.000000 0.000000 0.242667 0.000000 0.000000 0.242667 0.000000 0.000000 0.000000 
2.583429 0.288667 0.211477 0.331007 0.285986 -0.364424 0.350939 0.056408 0.078859 -0.210842 0.057954 0.279261 0.000000 0.000000 0.000000 0.279261 0.000000 0.000000 0.000000 0.000000 0.279261 0.000000 0.000000 0.000000 0.000000 0.000000 0.000000 0.000000 0.000000 0.000000 0.279261 0.000000 0.000000 0.000000 0.000000 0.279261 0.000000 0.000000 0.000000 0.000000 0.279261 0.000000 0.000000 0.279261 0.000000 0.000000 0.000000 0.279261 0.000000 0.000000 0.279261 0.000000 0.000000 0.279261 0.000000 0.000000 0.000000 
1.976936 0.150668 0.198230 0.170792 0.242696 -0.380171 0.160871 0.038178 -0.017433 -0.230090 0.037855 0.280247 0.000000 0.000000 0.000000 0.280247 0.000000 0.000000 0.000000 0.000000 0.280247 0.000000 0.000000 0.000000 0.000000 0.000000 0.000000 0.000000 0.000000 0.000000 0.280247 0.000000 0.000000 0.000000 0.000000 0.280247 0.000000 0.000000 0.000000 0.000000 0.280247 0.000000 0.000000 0.280247 0.000000 0.000000 0.000000 0.280247 0.000000 0.000000 0.280247 0.000000 0.000000 0.280247 0.000000 0.000000 0.000000 
1.509203 0.144054 0.191812 0.152079 0.205520 -0.385018 0.150228 0.042519 -0.027721 -0.228549 0.020577 0.232287 0.000000 0.000000 0.000000 0.232287 0.000000 0.000000 0.000000 0.000000 0.232287 0.000000 0.000000 0.000000 0.000000 0.000000 0.000000 0.000000 0.000000 0.000000 0.232287 0.000000 0.000000 0.000000 0.000000 0.232287 0.000000 0.000000 0.000000 0.000000 0.232287 0.000000 0.000000 0.232287 0.000000 0.000000 0.000000 0.232287 0.000000 0.000000 0.232287 0.000000 0.000000 0.232287 0.000000 0.000000 0.000000 
1.949066 0.297146 0.196267 0.165304 0.230086 -0.381454 0.157308 0.039423 -0.020706 -0.229484 0.034420 0.265825 0.000000 0.000000 0.000000 0.265825 0.000000 0.000000 0.000000 0.000000 0.265825 0.000000 0.000000 0.000000 0.000000 0.000000 0.000000 0.000000 0.000000 0.000000 0.265825 0.000000 0.000000 0.000000 0.000000 0.265825 0.000000 0.000000 0.000000 0.000000 0.265825 0.000000 0.000000 0.265825 0.000000 0.000000 0.000000 0.265825 0.000000 0.000000 0.265825 0.000000 0.000000 0.265825 0.000000 0.000000 0.000000 
1.437545 0.140156 0.178895 0.175000 0.208407 -0.400613 0.153030 0.043348 -0.066389 -0.224787 0.003714 0.228360 0.000000 0.000000 0.000000 0.228360 0.000000 0.000000 0.000000 0.000000 0.228360 0.000000 0.000000 0.000000 0.000000 0.000000 0.000000 0.000000 0.000000 0.000000 0.228360 0.000000 0.000000 0.000000 0.000000 0.228360 0.000000 0.000000 0.000000 0.000000 0.228360 0.000000 0.000000 0.228360 0.000000 0.000000 0.000000 0.228360 0.000000 0.000000 0.228360 0.000000 0.000000 0.228360 0.000000 0.000000 0.000000 
1.005296 0.133998 0.173283 0.156635 0.173347 -0.404614 0.143065 0.047714 -0.073984 -0.223234 -0.011041 0.183831 0.000000 0.000000 0.000000 0.183831 0.000000 0.000000 0.000000 0.000000 0.183831 0.000000 0.000000 0.000000 0.000000 0.000000 0.000000 0.000000 0.000000 0.000000 0.183831 0.000000 0.000000 0.000000 0.000000 0.183831 0.000000 0.000000 0.000000 0.000000 0.183831 0.000000 0.000000 0.183831 0.000000 0.000000 0.000000 0.183831 0.000000 0.000000 0.183831 0.000000 0.000000 0.183831 0.000000 0.000000 0.000000 
1.413251 0.276448 0.177199 0.169716 0.196207 -0.401766 0.149611 0.044503 -0.068742 -0.224159 0.000910 0.214985 0.000000 0.000000 0.000000 0.214985 0.000000 0.000000 0.000000 0.000000 0.214985 0.000000 0.000000 0.000000 0.000000 0.000000 0.000000 0.000000 0.000000 0.000000 0.214985 0.000000 0.000000 0.000000 0.000000 0.214985 0.000000 0.000000 0.000000 0.000000 0.214985 0.000000 0.000000 0.214985 0.000000 0.000000 0.000000 0.214985 0.000000 0.000000 0.214985 0.000000 0.000000 0.214985 0.000000 0.000000 0.000000 
1.885213 0.289932 0.189640 0.166760 0.218102 -0.388463 0.309147 0.041245 -0.037812 -0.227613 0.022695 0.248131 0.000000 0.000000 0.000000 0.248131 0.000000 0.000000 0.000000 0.000000 0.248131 0.000000 0.000000 0.000000 0.000000 0.000000 0.000000 0.000000 0.000000 0.000000 0.248131 0.000000 0.000000 0.000000 0.000000 0.248131 0.000000 0.000000 0.000000 0.000000 0.248131 0.000000 0.000000 0.248131 0.000000 0.000000 0.000000 0.248131 0.000000 0.000000 0.248131 0.000000 0.000000 0.248131 0.000000 0.000000 0.000000 
1.529324 0.132114 0.188356 0.145710 0.170156 -0.364396 0.164674 0.045479 0.041080 -0.194261 0.120516 0.216544 0.000000 0.000000 0.000000 0.216544 0.000000 0.000000 0.000000 0.000000 0.216544 0.000000 0.000000 0.000000 0.000000 0.000000 0.000000 0.000000 0.000000 0.000000 0.216544 0.000000 0.000000 0.000000 0.000000 0.216544 0.000000 0.000000 0.000000 0.000000 0.216544 0.000000 0.000000 0.216544 0.000000 0.000000 0.000000 0.216544 0.000000 0.000000 0.216544 0.000000 0.000000 0.216544 0.000000 0.000000 0.000000 
1.128092 0.126282 0.182435 0.129840 0.138962 -0.367224 0.154750 0.048532 0.033390 -0.192818 0.103419 0.175747 0.000000 0.000000 0.000000 0.175747 0.000000 0.000000 0.000000 0.000000 0.175747 0.000000 0.000000 0.000000 0.000000 0.000000 0.000000 0.000000 0.000000 0.000000 0.175747 0.000000 0.000000 0.000000 0.000000 0.175747 0.000000 0.000000 0.000000 0.000000 0.175747 0.000000 0.000000 0.175747 0.000000 0.000000 0.000000 0.175747 0.000000 0.000000 0.175747 0.000000 0.000000 0.175747 0.000000 0.000000 0.000000 
1.492494 0.260281 0.186445 0.139883 0.158870 -0.365444 0.161226 0.046305 0.038594 -0.193704 0.114732 0.202326 0.000000 0.000000 0.000000 0.202326 0.000000 0.000000 0.000000 0.000000 0.202326 0.000000 0.000000 0.000000 0.000000 0.000000 0.000000 0.000000 0.000000 0.000000 0.202326 0.000000 0.000000 0.000000 0.000000 0.202326 0.000000 0.000000 0.000000 0.000000 0.202326 0.000000 0.000000 0.202326 0.000000 0.000000 0.000000 0.202326 0.000000 0.000000 0.202326 0.000000 0.000000 0.202326 0.000000 0.000000 0.000000 
0.988294 0.122101 0.170045 0.149155 0.137657 -0.385577 0.156519 0.050284 -0.007083 -0.189522 0.086288 0.164607 0.000000 0.000000 0.000000 0.164607 0.000000 0.000000 0.000000 0.000000 0.164607 0.000000 0.000000 0.000000 0.000000 0.000000 0.000000 0.000000 0.000000 0.000000 0.164607 0.000000 0.000000 0.000000 0.000000 0.164607 0.000000 0.000000 0.000000 0.000000 0.164607 0.000000 0.000000 0.164607 0.000000 0.000000 0.000000 0.164607 0.000000 0.000000 0.164607 0.000000 0.000000 0.164607 0.000000 0.000000 0.000000 
0.599405 0.116506 0.164606 0.132953 0.106779 -0.387970 0.146739 0.053547 -0.013573 -0.188059 0.069387 0.124638 0.000000 0.000000 0.000000 0.124638 0.000000 0.000000 0.000000 0.000000 0.124638 0.000000 0.000000 0.000000 0.000000 0.000000 0.000000 0.000000 0.000000 0.000000 0.124638 0.000000 0.000000 0.000000 0.000000 0.124638 0.000000 0.000000 0.000000 0.000000 0.124638 0.000000 0.000000 0.124638 0.000000 0.000000 0.000000 0.124638 0.000000 0.000000 0.124638 0.000000 0.000000 0.124638 0.000000 0.000000 0.000000 
0.951067 0.240396 0.168293 0.143379 0.126386 -0.386340 0.153160 0.051142 -0.009531 -0.188881 0.080764 0.150931 0.000000 0.000000 0.000000 0.150931 0.000000 0.000000 0.000000 0.000000 0.150931 0.000000 0.000000 0.000000 0.000000 0.000000 0.000000 0.000000 0.000000 0.000000 0.150931 0.000000 0.000000 0.000000 0.000000 0.150931 0.000000 0.000000 0.000000 0.000000 0.150931 0.000000 0.000000 0.150931 0.000000 0.000000 0.000000 0.150931 0.000000 0.000000 0.150931 0.000000 0.000000 0.150931 0.000000 0.000000 0.000000 
1.438406 0.253543 0.180260 0.141399 0.148025 -0.372505 0.317082 0.048064 0.021904 -0.191974 0.103838 0.185445 0.000000 0.000000 0.000000 0.185445 0.000000 0.000000 0.000000 0.000000 0.185445 0.000000 0.000000 0.000000 0.000000 0.000000 0.000000 0.000000 0.000000 0.000000 0.185445 0.000000 0.000000 0.000000 0.000000 0.185445 0.000000 0.000000 0.000000 0.000000 0.185445 0.000000 0.000000 0.185445 0.000000 0.000000 0.000000 0.185445 0.000000 0.000000 0.185445 0.000000 0.000000 0.185445 0.000000 0.000000 0.000000 
1.882427 0.276313 0.186176 0.312739 0.191547 -0.383753 0.312230 0.043501 -0.017346 -0.214943 0.050324 0.223468 0.000000 0.000000 0.000000 0.223468 0.000000 0.000000 0.000000 0.000000 0.223468 0.000000 0.000000 0.000000 0.000000 0.000000 0.000000 0.000000 0.000000 0.000000 0.223468 0.000000 0.000000 0.000000 0.000000 0.223468 0.000000 0.000000 0.000000 0.000000 0.223468 0.000000 0.000000 0.223468 0.000000 0.000000 0.000000 0.223468 0.000000 0.000000 0.223468 0.000000 0.000000 0.223468 0.000000 0.000000 0.000000 
2.535458 0.284726 0.405960 0.325755 0.253326 -0.370569 0.337659 0.052020 0.046092 -0.212225 0.056871 0.261592 0.000000 0.000000 0.000000 0.261592 0.000000 0.000000 0.000000 0.000000 0.261592 0.000000 0.000000 0.000000 0.000000 0.000000 0.000000 0.000000 0.000000 0.000000 0.261592 0.000000 0.000000 0.000000 0.000000 0.261592 0.000000 0.000000 0.000000 0.000000 0.261592 0.000000 0.000000 0.261592 0.000000 0.000000 0.000000 0.261592 0.000000 0.000000 0.261592 0.000000 0.000000 0.261592 0.000000 0.000000 0.000000 
1.758719 0.144099 0.211189 0.143906 0.264883 -0.369137 0.159242 0.059251 0.061661 -0.223131 0.012231 0.244909 0.000000 0.000000 0.000000 0.244909 0.000000 0.000000 0.000000 0.000000 0.244909 0.000000 0.000000 0.000000 0.000000 0.000000 0.000000 0.000000 0.000000 0.000000 0.244909 0.000000 0.000000 0.000000 0.000000 0.244909 0.000000 0.000000 0.000000 0.000000 0.244909 0.000000 0.000000 0.244909 0.000000 0.000000 0.000000 0.244909 0.000000 0.000000 0.244909 0.000000 0.000000 0.244909 0.000000 0.000000 0.000000 
1.372371 0.126511 0.201224 0.121692 0.193884 -0.352292 0.163108 0.064337 0.116651 -0.187386 0.097971 0.188079 0.000000 0.000000 0.000000 0.188079 0.000000 0.000000 0.000000 0.000000 0.188079 0.000000 0.000000 0.000000 0.000000 0.000000 0.000000 0.000000 0.000000 0.000000 0.188079 0.000000 0.000000 0.000000 0.000000 0.188079 0.000000 0.000000 0.000000 0.000000 0.188079 0.000000 0.000000 0.188079 0.000000 0.000000 0.000000 0.188079 0.000000 0.000000 0.188079 0.000000 0.000000 0.188079 0.000000 0.000000 0.000000 
1.709639 0.137285 0.207186 0.267780 0.236226 -0.364542 0.160487 0.060235 0.078967 -0.210449 0.038574 0.219173 0.000000 0.000000 0.000000 0.219173 0.000000 0.000000 0.000000 0.000000 0.219173 0.000000 0.000000 0.000000 0.000000 0.000000 0.000000 0.000000 0.000000 0.000000 0.219173 0.000000 0.000000 0.000000 0.000000 0.219173 0.000000 0.000000 0.000000 0.000000 0.219173 0.000000 0.000000 0.219173 0.000000 0.000000 0.000000 0.219173 0.000000 0.000000 0.219173 0.000000 0.000000 0.219173 0.000000 0.000000 0.000000 
1.288370 0.137578 0.204471 0.125906 0.226942 -0.374265 0.148782 0.062659 0.050977 -0.221741 -0.006224 0.196538 0.000000 0.000000 0.000000 0.196538 0.000000 0.000000 0.000000 0.000000 0.196538 0.000000 0.000000 0.000000 0.000000 0.000000 0.000000 0.000000 0.000000 0.000000 0.196538 0.000000 0.000000 0.000000 0.000000 0.196538 0.000000 0.000000 0.000000 0.000000 0.196538 0.000000 0.000000 0.196538 0.000000 0.000000 0.000000 0.196538 0.000000 0.000000 0.196538 0.000000 0.000000 0.196538 0.000000 0.000000 0.000000 
0.956497 0.120825 0.195061 0.105864 0.160449 -0.356040 0.152986 0.066651 0.106466 -0.186049 0.079294 0.145544 0.000000 0.000000 0.000000 0.145544 0.000000 0.000000 0.000000 0.000000 0.145544 0.000000 0.000000 0.000000 0.000000 0.000000 0.000000 0.000000 0.000000 0.000000 0.145544 0.000000 0.000000 0.000000 0.000000 0.145544 0.000000 0.000000 0.000000 0.000000 0.145544 0.000000 0.000000 0.145544 0.000000 0.000000 0.000000 0.145544 0.000000 0.000000 0.145544 0.000000 0.000000 0.145544 0.000000 0.000000 0.000000 
1.269113 0.131179 0.200899 0.233873 0.201121 -0.368972 0.150293 0.063090 0.069239 -0.209112 0.022179 0.175276 0.000000 0.000000 0.000000 0.175276 0.000000 0.000000 0.000000 0.000000 0.175276 0.000000 0.000000 0.000000 0.000000 0.000000 0.000000 0.000000 0.000000 0.000000 0.175276 0.000000 0.000000 0.000000 0.000000 0.175276 0.000000 0.000000 0.000000 0.000000 0.175276 0.000000 0.000000 0.175276 0.000000 0.000000 0.000000 0.175276 0.000000 0.000000 0.175276 0.000000 0.000000 0.175276 0.000000 0.000000 0.000000 
1.726082 0.271310 0.205592 0.261108 0.224503 -0.365612 0.157117 0.061195 0.075778 -0.209918 0.037729 0.208364 0.000000 0.000000 0.000000 0.208364 0.000000 0.000000 0.000000 0.000000 0.208364 0.000000 0.000000 0.000000 0.000000 0.000000 0.000000 0.000000 0.000000 0.000000 0.208364 0.000000 0.000000 0.000000 0.000000 0.208364 0.000000 0.000000 0.000000 0.000000 0.208364 0.000000 0.000000 0.208364 0.000000 0.000000 0.000000 0.208364 0.000000 0.000000 0.208364 0.000000 0.000000 0.208364 0.000000 0.000000 0.000000 
1.220513 0.133685 0.191958 0.147671 0.230997 -0.389809 0.151410 0.064422 0.013178 -0.217759 -0.020765 0.192963 0.000000 0.000000 0.000000 0.192963 0.000000 0.000000 0.000000 0.000000 0.192963 0.000000 0.000000 0.000000 0.000000 0.000000 0.000000 0.000000 0.000000 0.000000 0.192963 0.000000 0.000000 0.000000 0.000000 0.192963 0.000000 0.000000 0.000000 0.000000 0.192963 0.000000 0.000000 0.192963 0.000000 0.000000 0.000000 0.192963 0.000000 0.000000 0.192963 0.000000 0.000000 0.192963 0.000000 0.000000 0.000000 
0.780690 0.127563 0.185919 0.130145 0.194742 -0.394282 0.141520 0.067748 0.004903 -0.216319 -0.037222 0.147456 0.000000 0.000000 0.000000 0.147456 0.000000 0.000000 0.000000 0.000000 0.147456 0.000000 0.000000 0.000000 0.000000 0.000000 0.000000 0.000000 0.000000 0.000000 0.147456 0.000000 0.000000 0.000000 0.000000 0.147456 0.000000 0.000000 0.000000 0.000000 0.147456 0.000000 0.000000 0.147456 0.000000 0.000000 0.000000 0.147456 0.000000 0.000000 0.147456 0.000000 0.000000 0.147456 0.000000 0.000000 0.000000 
1.173447 0.263185 0.189924 0.141684 0.218837 -0.391061 0.148160 0.065461 0.010856 -0.217302 -0.026134 0.177326 0.000000 0.000000 0.000000 0.177326 0.000000 0.000000 0.000000 0.000000 0.177326 0.000000 0.000000 0.000000 0.000000 0.000000 0.000000 0.000000 0.000000 0.000000 0.177326 0.000000 0.000000 0.000000 0.000000 0.177326 0.000000 0.000000 0.000000 0.000000 0.177326 0.000000 0.000000 0.177326 0.000000 0.000000 0.000000 0.177326 0.000000 0.000000 0.177326 0.000000 0.000000 0.177326 0.000000 0.000000 0.000000 
0.826382 0.116495 0.182839 0.124760 0.161070 -0.373729 0.154811 0.069204 0.068141 -0.182542 0.063886 0.135423 0.000000 0.000000 0.000000 0.135423 0.000000 0.000000 0.000000 0.000000 0.135423 0.000000 0.000000 0.000000 0.000000 0.000000 0.000000 0.000000 0.000000 0.000000 0.135423 0.000000 0.000000 0.000000 0.000000 0.135423 0.000000 0.000000 0.000000 0.000000 0.135423 0.000000 0.000000 0.135423 0.000000 0.000000 0.000000 0.135423 0.000000 0.000000 0.135423 0.000000 0.000000 0.135423 0.000000 0.000000 0.000000 
0.447523 0.111252 0.177404 0.109634 0.130045 -0.376599 0.145374 0.071496 0.060875 -0.181264 0.048080 0.096514 0.000000 0.000000 0.000000 0.096514 0.000000 0.000000 0.000000 0.000000 0.096514 0.000000 0.000000 0.000000 0.000000 0.000000 0.000000 0.000000 0.000000 0.000000 0.096514 0.000000 0.000000 0.000000 0.000000 0.096514 0.000000 0.000000 0.000000 0.000000 0.096514 0.000000 0.000000 0.096514 0.000000 0.000000 0.000000 0.096514 0.000000 0.000000 0.096514 0.000000 0.000000 0.096514 0.000000 0.000000 0.000000 
0.794899 0.229437 0.181060 0.119748 0.150504 -0.374391 0.151724 0.070367 0.065450 -0.182110 0.059548 0.122687 0.000000 0.000000 0.000000 0.122687 0.000000 0.000000 0.000000 0.000000 0.122687 0.000000 0.000000 0.000000 0.000000 0.000000 0.000000 0.000000 0.000000 0.000000 0.122687 0.000000 0.000000 0.000000 0.000000 0.122687 0.000000 0.000000 0.000000 0.000000 0.122687 0.000000 0.000000 0.122687 0.000000 0.000000 0.000000 0.122687 0.000000 0.000000 0.122687 0.000000 0.000000 0.122687 0.000000 0.000000 0.000000 
1.197221 0.251256 0.187077 0.268420 0.192049 -0.386245 0.149434 0.066156 0.028791 -0.204872 0.005466 0.157753 0.000000 0.000000 0.000000 0.157753 0.000000 0.000000 0.000000 0.000000 0.157753 0.000000 0.000000 0.000000 0.000000 0.000000 0.000000 0.000000 0.000000 0.000000 0.157753 0.000000 0.000000 0.000000 0.000000 0.157753 0.000000 0.000000 0.000000 0.000000 0.157753 0.000000 0.000000 0.157753 0.000000 0.000000 0.000000 0.157753 0.000000 0.000000 0.157753 0.000000 0.000000 0.157753 0.000000 0.000000 0.000000 
1.671869 0.264499 0.199226 0.263948 0.213881 -0.372604 0.309033 0.063075 0.059635 -0.208131 0.026829 0.191391 0.000000 0.000000 0.000000 0.191391 0.000000 0.000000 0.000000 0.000000 0.191391 0.000000 0.000000 0.000000 0.000000 0.000000 0.000000 0.000000 0.000000 0.000000 0.191391 0.000000 0.000000 0.000000 0.000000 0.191391 0.000000 0.000000 0.000000 0.000000 0.191391 0.000000 0.000000 0.191391 0.000000 0.000000 0.000000 0.191391 0.000000 0.000000 0.191391 0.000000 0.000000 0.191391 0.000000 0.000000 0.000000 
1.043781 0.137494 0.185320 0.133777 0.168820 -0.390209 0.140239 0.046291 -0.036171 -0.227117 0.001570 0.184247 0.000000 0.000000 0.000000 0.184247 0.000000 0.000000 0.000000 0.000000 0.184247 0.000000 0.000000 0.000000 0.000000 0.000000 0.000000 0.000000 0.000000 0.000000 0.184247 0.000000 0.000000 0.000000 0.000000 0.184247 0.000000 0.000000 0.000000 0.000000 0.184247 0.000000 0.000000 0.184247 0.000000 0.000000 0.000000 0.184247 0.000000 0.000000 0.184247 0.000000 0.000000 0.184247 0.000000 0.000000 0.000000 
0.719032 0.120622 0.176535 0.113521 0.106865 -0.371202 0.144876 0.051324 0.024472 -0.191528 0.084943 0.133795 0.000000 0.000000 0.000000 0.133795 0.000000 0.000000 0.000000 0.000000 0.133795 0.000000 0.000000 0.000000 0.000000 0.000000 0.000000 0.000000 0.000000 0.000000 0.133795 0.000000 0.000000 0.000000 0.000000 0.133795 0.000000 0.000000 0.000000 0.000000 0.133795 0.000000 0.000000 0.133795 0.000000 0.000000 0.000000 0.133795 0.000000 0.000000 0.133795 0.000000 0.000000 0.133795 0.000000 0.000000 0.000000 
1.025226 0.130988 0.181829 0.249985 0.144882 -0.384102 0.142059 0.047481 -0.015684 -0.214489 0.028457 0.162341 0.000000 0.000000 0.000000 0.162341 0.000000 0.000000 0.000000 0.000000 0.162341 0.000000 0.000000 0.000000 0.000000 0.000000 0.000000 0.000000 0.000000 0.000000 0.162341 0.000000 0.000000 0.000000 0.000000 0.162341 0.000000 0.000000 0.000000 0.000000 0.162341 0.000000 0.000000 0.162341 0.000000 0.000000 0.000000 0.162341 0.000000 0.000000 0.162341 0.000000 0.000000 0.162341 0.000000 0.000000 0.000000 
0.617528 0.131216 0.179154 0.116947 0.134946 -0.394519 0.130396 0.049460 -0.044732 -0.225542 -0.014060 0.140581 0.000000 0.000000 0.000000 0.140581 0.000000 0.000000 0.000000 0.000000 0.140581 0.000000 0.000000 0.000000 0.000000 0.000000 0.000000 0.000000 0.000000 0.000000 0.140581 0.000000 0.000000 0.000000 0.000000 0.140581 0.000000 0.000000 0.000000 0.000000 0.140581 0.000000 0.000000 0.140581 0.000000 0.000000 0.000000 0.140581 0.000000 0.000000 0.140581 0.000000 0.000000 0.140581 0.000000 0.000000 0.000000 
0.304217 0.114726 0.170319 0.097066 0.076085 -0.374481 0.135479 0.053363 0.016395 -0.190063 0.063806 0.090866 0.000000 0.000000 0.000000 0.090866 0.000000 0.000000 0.000000 0.000000 0.090866 0.000000 0.000000 0.000000 0.000000 0.000000 0.000000 0.000000 0.000000 0.000000 0.090866 0.000000 0.000000 0.000000 0.000000 0.090866 0.000000 0.000000 0.000000 0.000000 0.090866 0.000000 0.000000 0.090866 0.000000 0.000000 0.000000 0.090866 0.000000 0.000000 0.090866 0.000000 0.000000 0.090866 0.000000 0.000000 0.000000 
0.589658 0.124904 0.175726 0.215064 0.111411 -0.388718 0.132282 0.049956 -0.024814 -0.212969 0.010673 0.118693 0.000000 0.000000 0.000000 0.118693 0.000000 0.000000 0.000000 0.000000 0.118693 0.000000 0.000000 0.000000 0.000000 0.000000 0.000000 0.000000 0.000000 0.000000 0.118693 0.000000 0.000000 0.000000 0.000000 0.118693 0.000000 0.000000 0.000000 0.000000 0.118693 0.000000 0.000000 0.118693 0.000000 0.000000 0.000000 0.118693 0.000000 0.000000 0.118693 0.000000 0.000000 0.118693 0.000000 0.000000 0.000000 
0.994740 0.257691 0.179756 0.237506 0.132435 -0.385876 0.138605 0.048118 -0.019475 -0.213920 0.021735 0.146741 0.000000 0.000000 0.000000 0.146741 0.000000 0.000000 0.000000 0.000000 0.146741 0.000000 0.000000 0.000000 0.000000 0.000000 0.000000 0.000000 0.000000 0.000000 0.146741 0.000000 0.000000 0.000000 0.000000 0.146741 0.000000 0.000000 0.000000 0.000000 0.146741 0.000000 0.000000 0.146741 0.000000 0.000000 0.000000 0.146741 0.000000 0.000000 0.146741 0.000000 0.000000 0.146741 0.000000 0.000000 0.000000 
0.563066 0.127764 0.167338 0.138681 0.138347 -0.409180 0.133429 0.051600 -0.081037 -0.221762 -0.028456 0.137830 0.000000 0.000000 0.000000 0.137830 0.000000 0.000000 0.000000 0.000000 0.137830 0.000000 0.000000 0.000000 0.000000 0.000000 0.000000 0.000000 0.000000 0.000000 0.137830 0.000000 0.000000 0.000000 0.000000 0.137830 0.000000 0.000000 0.000000 0.000000 0.137830 0.000000 0.000000 0.137830 0.000000 0.000000 0.000000 0.137830 0.000000 0.000000 0.137830 0.000000 0.000000 0.137830 0.000000 0.000000 0.000000 
0.165650 0.121879 0.161852 0.122204 0.106255 -0.412741 0.124080 0.054849 -0.087033 -0.220117 -0.042133 0.096889 0.000000 0.000000 0.000000 0.096889 0.000000 0.000000 0.000000 0.000000 0.096889 0.000000 0.000000 0.000000 0.000000 0.000000 0.000000 0.000000 0.000000 0.000000 0.096889 0.000000 0.000000 0.000000 0.000000 0.096889 0.000000 0.000000 0.000000 0.000000 0.096889 0.000000 0.000000 0.096889 0.000000 0.000000 0.000000 0.096889 0.000000 0.000000 0.096889 0.000000 0.000000 0.096889 0.000000 0.000000 0.000000 
0.539188 0.251478 0.165605 0.133369 0.127761 -0.409966 0.130274 0.052537 -0.082389 -0.221250 -0.031557 0.125359 0.000000 0.000000 0.000000 0.125359 0.000000 0.000000 0.000000 0.000000 0.125359 0.000000 0.000000 0.000000 0.000000 0.000000 0.000000 0.000000 0.000000 0.000000 0.125359 0.000000 0.000000 0.000000 0.000000 0.125359 0.000000 0.000000 0.000000 0.000000 0.125359 0.000000 0.000000 0.125359 0.000000 0.000000 0.000000 0.125359 0.000000 0.000000 0.125359 0.000000 0.000000 0.125359 0.000000 0.000000 0.000000 
0.227140 0.111263 0.159397 0.117395 0.077188 -0.390992 0.137568 0.056581 -0.019515 -0.186745 0.053628 0.086260 0.000000 0.000000 0.000000 0.086260 0.000000 0.000000 0.000000 0.000000 0.086260 0.000000 0.000000 0.000000 0.000000 0.000000 0.000000 0.000000 0.000000 0.000000 0.086260 0.000000 0.000000 0.000000 0.000000 0.086260 0.000000 0.000000 0.000000 0.000000 0.086260 0.000000 0.000000 0.086260 0.000000 0.000000 0.000000 0.086260 0.000000 0.000000 0.086260 0.000000 0.000000 0.086260 0.000000 0.000000 0.000000 
-0.160382 0.105748 0.153843 0.101285 0.048185 -0.393657 0.128643 0.058435 -0.025702 -0.185246 0.035075 0.045865 0.000000 0.000000 0.000000 0.045865 0.000000 0.000000 0.000000 0.000000 0.045865 0.000000 0.000000 0.000000 0.000000 0.000000 0.000000 0.000000 0.000000 0.000000 0.045865 0.000000 0.000000 0.000000 0.000000 0.045865 0.000000 0.000000 0.000000 0.000000 0.045865 0.000000 0.000000 0.045865 0.000000 0.000000 0.000000 0.045865 0.000000 0.000000 0.045865 0.000000 0.000000 0.045865 0.000000 0.000000 0.000000 
0.161989 0.218345 0.157305 0.110892 0.066876 -0.392087 0.134489 0.056799 -0.021522 -0.186171 0.044663 0.069846 0.000000 0.000000 0.000000 0.069846 0.000000 0.000000 0.000000 0.000000 0.069846 0.000000 0.000000 0.000000 0.000000 0.000000 0.000000 0.000000 0.000000 0.000000 0.069846 0.000000 0.000000 0.000000 0.000000 0.069846 0.000000 0.000000 0.000000 0.000000 0.069846 0.000000 0.000000 0.069846 0.000000 0.000000 0.000000 0.069846 0.000000 0.000000 0.069846 0.000000 0.000000 0.069846 0.000000 0.000000 0.000000 
0.521411 0.238886 0.162402 0.247042 0.102957 -0.404793 0.131871 0.053371 -0.062376 -0.208802 -0.007673 0.101330 0.000000 0.000000 0.000000 0.101330 0.000000 0.000000 0.000000 0.000000 0.101330 0.000000 0.000000 0.000000 0.000000 0.000000 0.000000 0.000000 0.000000 0.000000 0.101330 0.000000 0.000000 0.000000 0.000000 0.101330 0.000000 0.000000 0.000000 0.000000 0.101330 0.000000 0.000000 0.101330 0.000000 0.000000 0.000000 0.101330 0.000000 0.000000 0.101330 0.000000 0.000000 0.101330 0.000000 0.000000 0.000000 
0.947051 0.251361 0.173893 0.241094 0.122629 -0.392196 0.272749 0.050109 -0.033787 -0.212129 0.011941 0.131722 0.000000 0.000000 0.000000 0.131722 0.000000 0.000000 0.000000 0.000000 0.131722 0.000000 0.000000 0.000000 0.000000 0.000000 0.000000 0.000000 0.000000 0.000000 0.131722 0.000000 0.000000 0.000000 0.000000 0.131722 0.000000 0.000000 0.000000 0.000000 0.131722 0.000000 0.000000 0.131722 0.000000 0.000000 0.000000 0.131722 0.000000 0.000000 0.131722 0.000000 0.000000 0.131722 0.000000 0.000000 0.000000 
1.576998 0.259690 0.380735 0.253833 0.181915 -0.379183 0.296374 0.058605 0.027731 -0.209411 0.020154 0.169213 0.000000 0.000000 0.000000 0.169213 0.000000 0.000000 0.000000 0.000000 0.169213 0.000000 0.000000 0.000000 0.000000 0.000000 0.000000 0.000000 0.000000 0.000000 0.169213 0.000000 0.000000 0.000000 0.000000 0.169213 0.000000 0.000000 0.000000 0.000000 0.169213 0.000000 0.000000 0.169213 0.000000 0.000000 0.000000 0.169213 0.000000 0.000000 0.169213 0.000000 0.000000 0.169213 0.000000 0.000000 0.000000 
2.439729 0.551782 0.397331 0.300098 0.228259 -0.373859 0.323626 0.054234 0.039285 -0.211242 0.043084 0.228712 0.000000 0.000000 0.000000 0.228712 0.000000 0.000000 0.000000 0.000000 0.228712 0.000000 0.000000 0.000000 0.000000 0.000000 0.000000 0.000000 0.000000 0.000000 0.228712 0.000000 0.000000 0.000000 0.000000 0.228712 0.000000 0.000000 0.000000 0.000000 0.228712 0.000000 0.000000 0.228712 0.000000 0.000000 0.000000 0.228712 0.000000 0.000000 0.228712 0.000000 0.000000 0.228712 0.000000 0.000000 0.000000 
