0.799499 0.799613 0.320802
0.799499 0.799613 0.010025
0.799499 0.799613 0.010025
0.796992 0.797062 0.696742
0.799499 0.799613 0.320802
0.799499 0.799613 0.010025
0.799499 0.799613 0.010025
0.796992 0.797062 0.696742
0.796992 0.797062 0.000000
0.796992 0.797062 0.000000
0.776942 0.777006 0.924812
0.776942 0.777006 0.005013
0.776942 0.777006 0.007519
0.746867 0.749296 0.977444
0.799499 0.799613 0.320802
0.799499 0.799613 0.010025
0.799499 0.799613 0.010025
0.799499 0.799613 0.320802
0.799499 0.799613 0.010025
0.799499 0.799613 0.010025
0.799499 0.799613 0.010025
0.796992 0.797062 0.000000
0.796992 0.797062 0.000000
0.796992 0.797062 0.000000
0.799499 0.799613 0.010025
0.799499 0.799613 0.010025
0.799499 0.799613 0.010025
0.796992 0.797062 0.696742
0.799499 0.799613 0.320802
0.799499 0.799613 0.010025
